	addi R5, R0, 4		// Constant for the subs

0000 01 00101 00000 0000 0000 0000 0100
0000 0100 1010 0000 0000 0000 0000 0100
04 a0 00 04

	addi R1, R0, 8		// Load the first 16 words with 13 * byte.addr.
	
0000 01 00001 00000 0000 0000 0000 1000
0000 0100 0010 0000 0000 0000 0000 1000
04 20 00 40
	
l1:	muli R2, R1, 13

0010 01 00010 00001 0000 0000 0000 1101
0010 0100 0100 0001 0000 0000 0000 1101
24 41 00 0d

	sw R2, R1, 0

1001 11 00010 00001 0000 0000 0000 0000
1001 1100 0100 0001 0000 0000 0000 0000
9c 61 00 00

	sub R1, R1, R5
	
1000 00 00001 00001 00101 000 0000 0000
1000 0000 0010 0001 0010 1000 0000 0000
80 21 28 00

	bne R1, R0, l1
	
0101 11 00001 00000 1111 1111 1111 1101
0101 1100 0010 0000 1111 1111 1111 1101
5c 20 ff fd

	nop
	
0000 00 00000 00000 00000 000 0000 0000
0000 0000 0000 0000 0000 0000 0000 0000
00 00 00 00
	
	addi R1, R0, 8		// Load the first 16 words and mul with 5 and 3
	
0000 01 00001 00000 0000 0000 0000 1000
0000 0100 0010 0000 0000 0000 0000 1000
04 20 00 40

l2:	lw R2, R1, 0

1000 11 00010 00001 0000 0000 0000 0000
1000 1100 0100 0001 0000 0000 0000 0000
8c 41 00 00

	muli R3, R2, 5
	
0010 01 00011 00010 0000 0000 0000 0101
0010 0100 0110 0010 0000 0000 0000 0101
24 62 00 05

	muli R4, R3, 3

0010 01 00100 00011 0000 0000 0000 0011
0010 0100 1000 0011 0000 0000 0000 0011
24 83 00 03

	sub R1, R1, R5
	
1000 00 00001 00001 00101 000 0000 0000
1000 0000 0010 0001 0010 1000 0000 0000
80 21 28 00
	
	bne R1, R0, l2
	
0101 11 00001 00000 1111 1111 1111 1100
0101 1100 0010 0000 1111 1111 1111 1100
5c 20 ff fc

	nop

0000 00 00000 00000 00000 000 0000 0000
0000 0000 0000 0000 0000 0000 0000 0000
00 00 00 00
	
l3:	beq R0, R0, l3		// Hang

0100 11 00000 00000 0000 0000 0000 0000
0100 1100 0000 0000 0000 0000 0000 0000
4c 00 00 00

	nop
	
0000 00 00000 00000 00000 000 0000 0000
0000 0000 0000 0000 0000 0000 0000 0000
00 00 00 00
