add R1, R0, 0		-- R1 = 0

0000 01 00001 00000 0000 0000 0000 0000
0000 0100 0010 0000 0000 0000 0000 0000
04 20 00 00

add R4, R0, 30		-- R4 = 30
0000 01 00100 00000 0000 0000 0001 1110
0000 0100 1000 0000 0000 0000 0001 1110
04 80 00 1e

add R1, R1, 10		-- R1 = R1 + 10

0000 01 00001 00001 0000 0000 0000 1010
0000 0100 0010 0000 0000 0000 0000 1010
04 20 00 0a

add R2, R1, 20		-- R2 = R1 + 20

0000 01 00010 00001 0000 0000 0001 0100
0000 0100 0100 0001 0000 0000 0001 0100
04 41 00 14

mul R3, R2, R1		-- R3 = R1*R1 + 20*R1

0010 00 00011 00010 00001 000 0000 0000
0010 0000 0110 0010 0000 1000 0000 0000
20 62 08 00

bne R3, R4, -3		-- As R3 != R0, goto top

0101 11 00001 00100 1111 1111 1111 1101
0101 1100 0110 0000 1111 1111 1111 1101
5c 60 ff fd

add R5, R0, 16		-- R5 = 16

0000 01 00101 00000 0000 0000 0001 0000
0000 0100 1010 0000 0000 0000 0001 0000
04 a0 00 10

beq R0, R0, 0		-- HANG ME!
0100 11 00000 00000 0000 0000 0000 0000
0100 1100 0000 0000 0000 0000 0000 0000
4c 00 00 00

nop

00 00 00 00
