P0:	ADDI	R1, R0, 56		-- R1 = 48

0000 01 00001 00000 0000 0000 0011 1000
0000 0100 0010 0000 0000 0000 0011 1000
04 20 00 38

	ADDI	R2, R0, -218	-- R2 = -218

0000 01 00010 00000 1111 1111 0010 0110
0000 0100 0100 0000 1111 1111 0010 0110
04 40 ff 26

	RESET	R3, R0, R0		-- R3 = PSW = 0xFFFFFF00

1111 00 00011 00000 00000 000 0000 0000
1111 0000 0110 0000 0000 0000 0000 0000
f0 60 00 00

	ADDX	R1, R1, -4		-- R1 = 56 - 262144 = -262088

0000 10 00001 00001 1111 1111 1111 1100
0000 1000 0010 0001 1111 1111 1111 1100
08 21 ff fc

	ADDX	R2, R2, 1		-- R2 = -218 + 65536 = 65318

0000 10 00010 00010 0000 0000 0000 0001
0000 1000 0100 0010 0000 0000 0000 0001
08 42 00 01

	SHZI	R3, R3, 8		-- R3 = 0xFFFF0000

0100 01 00011 00011 0000 0000 0000 1000
0100 0100 0110 0011 0000 0000 0000 1000
44 63 00 08

	AND		R4, R1, R0		-- R4 = 0

1011 00 00100 00001 00000 000 0000 0000
1011 0000 1000 0001 0000 0000 0000 0000
b0 81 00 00

	CMP		R5, R1, R2		-- R5 = 1 (-262088 < 65318)

0110 00 00101 00001 00010 000 0000 0000
0110 0000 1010 0001 0001 0000 0000 0000
60 a1 10 00

	BEQ		R0, R0, 0		-- As R5 /= R0, goto top

0101 11 00011 00000 1111 1111 1111 0111
0101 1100 1010 0000 1111 1111 1111 0111

5c a0 ff f7

	ADD		R0, R0, R0		-- R0 = 0

0000 00 00000 00000 0000 0000 0000 0000
0000 0000 0000 0000 0000 0000 0000 0000
00 00 00 00
